8834
4987
9207
487
7109
9887
9374
8694
7852
421
1076
6270
11315
11279
8403
5956
716
9819
10089
4733
9342
3736
7898
707
5949
10095
1285
5621
11398
8506
385
5986
10327
4714
11056
8281
9183
10029
5421
5101
8546
8750
4145
10471
3748
10957
3917
4671
1506
5896
5545
9224
6364
7001
2016
8902
6315
1186
908
292
9941
8067
4637
3473
1350
8236
9257
4899
6280
5108
7904
3874
3364
8284
3713
1336
708
4554
8427
5794
6425
1418
5371
8453
3508
6637
10504
222
1518
724
10940
5503
10300
10423
2592
3170
8087
2345
9621
8320
1630
1974
7547
8925
1195
128
11264
3260
8630
10822
796
5060
21
2364
10230
6001
4304
10172
5420
2930
7026
7672
1040
295
4465
4448
10694
4692
7660
9139
5415
2282
4113
2386
4762
1398
9546
1376
6293
3763
7966
4577
545
656
5465
3523
460
3617
9083
3822
5645
3762
5946
11219
3858
35
6879
9669
8244
1805
1529
6829
1105
7479
4876
8517
8846
1599
9640
2381
4806
7436
3926
7170
10229
9768
4820
9616
8301
11226
6997
228
8575
9476
6170
4237
3787
8994
7803
1387
7213
7147
227
7550
8625
8487
5654
9726
8520
6489
2748
1133
6752
10386
2377
7522
9688
3700
10002
10050
11146
8318
7910
3281
2229
4409
11183
2507
2636
2224
3807
5666
10700
9334
27
7657
1106
4524
6320
3603
9934
11043
7820
9150
3042
721
7110
6363
1721
7092
4012
361
10237
2725
1164
6974
8299
11110
7209
8016
4094
3224
6300
6722
6159
78
5576
9839
1294
9302
9689
9763
4665
7082
5722
187
11223
1783
2392
2788
4893
7311
409
9026
2773
9838
6519
2074
5840
3348
3715
3012
9939
3202
5978
3391
1919
4535
5367
2934
1519
8582
7922
6486
5661
4986
8922
3996
9382
7829
4641
8515
3550
5983
874
2220
2422
6205
10857
7681
4384
4924
10124
541
1659
1675
10750
8615
9022
11269
5903
8341
3239
6724
1082
2494
7345
9404
9855
3093
517
10649
1406
10797
7928
9145
8072
7395
7309
10283
3051
5027
10345
6176
1674
10811
8999
8573
4768
8128
7353
5869
791
6131
2226
8323
8138
1618
9611
4632
576
2990
5886
6714
4341
4013
2687
2724
1973
5681
8469
9273
65
3879
9076
6654
10337
110
4188
4379
4099
3306
2244
2190
7341
2230
3662
6969
7261
1781
889
5756
8569
8663
7791
6244
7686
6718
5874
3859
940
4111
8633
10044
4753
8561
7128
4962
2273
5021
7828
4105
885
7049
10305
2085
8483
6207
6040
5413
7433
197
2290
10632
2337
4232
1875
1492
1027
7946
5047
247
2191
3801
6514
5559
4977
4321
10851
10602
4140
11311
2985
9270
3797
642
2284
9206
10346
4128
8869
6189
3524
1799
1798
2322
6204
856
2450
8843
3467
2569
8702
8495
11231
10287
5266
6161
6442
11272
4163
6004
8502
827
4659
10117
2549
4430
6021
11143
9766
1838
1802
9858
1442
4522
11121
2151
8232
9905
1385
6164
7335
5361
6326
2867
5947
7230
3672
6389
7330
9301
588
112
6838
3991
10801
1514
5951
7294
5491
2500
2859
10486
2155
1848
5673
2520
7700
328
9553
3931
6041
178
5283
5814
4383
3895
10268
8434
1790
5412
9040
9124
5834
10905
8091
10635
1097
49
8838
8044
10037
10010
9570
9367
3788
4526
3295
7840
374
2003
6279
5182
475
5954
5532
6623
5328
9351
7740
1501
8306
761
11232
4706
4332
2968
7325
559
1611
6557
10350
5161
2121
10221
5145
1828
3216
2034
818
11172
5000
960
7653
1035
580
9463
8289
1754
10872
10767
3654
998
9483
5752
3478
983
9044
2948
9644
114
3973
1651
9491
4846
10988
7737
1939
923
6381
10357
3293
3120
7789
8581
7094
2931
9332
10569
2152
2001
7477
10721
11176
3813
2544
6840
7853
6680
9650
5120
556
749
321
1557
5499
4800
6047
7884
4929
5819
1884
1448
5728
4937
7677
7343
8127
10890
2307
2640
1741
8976
5739
2126
5162
6062
166
8533
9284
2616
6214
91
10545
10799
5829
1277
2342
2536
4974
2166
11288
10637
4075
1948
9276
8286
4582
2401
3083
2666
1999
9440
10903
5982
2940
1733
3559
7965
10169
5922
7568
2933
8659
7932
3631
1892
8643
7446
6288
4935
2801
1171
7244
7393
6590
3074
2477
8415
6565
4125
10567
6807
9955
10489
8371
6302
1621
6967
924
2986
6263
7306
2593
93
832
7948
10400
7784
3750
10107
9606
11115
3070
1878
3103
2959
3960
6819
8363
9203
10590
10680
336
8123
354
6390
3277
5919
8309
5462
6787
8378
1918
245
2022
1426
9514
2193
2468
5440
3169
3564
4668
10867
8285
6532
420
1343
9596
2665
7126
9518
10075
4732
2485
2952
4882
10676
7444
5778
2999
8503
11390
1692
3458
1627
5150
1174
1239
1108
1568
9441
3823
133
7545
6341
7536
9299
8420
1504
9393
9870
8819
5228
11197
4287
6087
7096
8477
7432
4889
9764
5611
5334
4382
6739
7417
1628
5796
609
340
4190
4493
8451
10967
7617
3909
4065
8059
3233
1525
266
774
7188
1647
4533
1498
4372
10896
149
7633
4675
9151
10112
2499
6024
2030
2566
3303
4787
3775
4698
6800
7127
10525
2232
5706
9937
2887
2920
3677
8784
4483
9865
9523
2939
1004
3724
6009
3782
174
1314
7854
8369
9599
5534
9801
10358
314
9869
11
2759
6658
1344
8895
1390
8020
6704
3461
2430
11010
6803
9385
5115
2356
2842
7569
7319
